[gd_scene load_steps=3 format=3 uid="uid://dosf00a4s17ah"]

[ext_resource type="PackedScene" uid="uid://d1j1wx1c0fkfy" path="res://player.tscn" id="1_vgrmv"]
[ext_resource type="Texture2D" uid="uid://o4q1woicocb7" path="res://icon.svg" id="2_aldhi"]

[node name="TestLevel" type="Node3D"]

[node name="Player" parent="." instance=ExtResource("1_vgrmv")]

[node name="Sprite3D" type="Sprite3D" parent="."]
transform = Transform3D(1, 0, 0, 0, 1, 0, 0, 0, 1, -3.06589, 0, -5.41481)
texture = ExtResource("2_aldhi")

[node name="Sprite3D2" type="Sprite3D" parent="."]
transform = Transform3D(1, 0, 0, 0, 1, 0, 0, 0, 1, 2.42563, 0, -6.32654)
texture = ExtResource("2_aldhi")

[node name="Sprite3D3" type="Sprite3D" parent="."]
transform = Transform3D(-0.420228, 0, 0.907418, 0, 1, 0, -0.907418, 0, -0.420228, -6.62199, 0, 1.5683)
texture = ExtResource("2_aldhi")

[node name="Sprite3D4" type="Sprite3D" parent="."]
transform = Transform3D(-0.997935, 0, 0.0642362, 0, 1, 0, -0.0642362, 0, -0.997935, -1.29655, -4.76837e-07, 4.50998)
texture = ExtResource("2_aldhi")

[node name="Sprite3D7" type="Sprite3D" parent="."]
transform = Transform3D(-0.45601, 0.302732, -0.836904, 0.021231, 0.943801, 0.329832, 0.889722, 0.132638, -0.43681, 5.674, -2.88803, 3.31591)
texture = ExtResource("2_aldhi")

[node name="Sprite3D5" type="Sprite3D" parent="."]
transform = Transform3D(-0.997935, 0, 0.0642362, -0.0503825, 0.62034, -0.782713, -0.0398483, -0.784333, -0.619059, -1.65575, 2.14604, 0.678386)
texture = ExtResource("2_aldhi")

[node name="Sprite3D6" type="Sprite3D" parent="."]
transform = Transform3D(-0.452492, -0.712836, -0.535833, -0.0503825, 0.62034, -0.782713, 0.890344, -0.327175, -0.316614, 4.96928, 2.14604, 1.7635)
texture = ExtResource("2_aldhi")

[node name="CSGBox3D" type="CSGBox3D" parent="."]
transform = Transform3D(1, 0, 0, 0, 1, 0, 0, 0, 1, 2.1429, -0.2113, -1.46654)
size = Vector3(2.4126, 1, 3.14111)
